0.046169 114
11.041589 16
0.701763 23
0.016108 37
0.000689 114
9.328953 18
0.393147 29
0.584898 195
0.019302 114
13.813803 18
0.490314 29
0.000019 53
0.000171 106
9.100203 38
0.669058 69
0.013196 27
1.978126 2
0.071351 75
0.000335 56
0.000424 146
0.000301 494
6.785646 6
0.001785 8
0.008547 29
0.001407 786
0.000132 152
0.866301 6
0.000253 37
0.015393 90
0.400232 6
0.000682 66
0.003736 114
7.073347 62
0.448654 179
0.890791 36
0.009635 8
0.000031 106
3.382848 35
0.199459 63
0.425936 195
0.004267 114
13.329582 21
0.536847 143
0.000049 45
0.000237 114
3.360779 21
0.578167 276
0.503950 3
0.585895 147
0.242071 170
4.488355 1
0.235171 1
0.660233 1
0.404878 1
0.462832 4
0.736611 1
0.475288 4
0.266574 1
0.144978 1
0.311815 3
0.286399 4
0.192811 4
0.184244 4
1.059030 1
0.192960 1
0.452091 4
0.631329 1
0.253273 1
0.178614 2
0.613951 4
0.257173 1
0.217593 1
0.724123 1
0.364827 4
0.661060 1
0.510713 4
0.226256 1
0.373748 4
0.463846 1
0.107186 1
0.289191 1
0.736827 1
0.250877 1
0.224092 1
0.821631 1
1.130540 1
0.981727 1
0.784453 4
0.317797 4
0.172971 4
0.173169 4
0.172695 4
0.170272 4
0.162498 4
0.169874 4
0.181711 4
18.663656 1
0.529503 1
0.082666 1
0.192608 1
0.359284 11
0.000631 6
